186   For W1N1 1.00
  0.00  0.00  0.00
  0.10  0.00  0.00
  0.20  0.00  0.00
  0.30  0.00  0.00
  0.40  0.00  0.00
  0.50  0.00  0.00
  0.10  0.10  0.00
  0.20  0.10  0.00
  0.30  0.10  0.00
  0.40  0.10  0.00
  0.50  0.10  0.00
 -0.40  0.10  0.00
 -0.30  0.10  0.00
 -0.20  0.10  0.00
 -0.10  0.10  0.00
  0.20  0.20  0.00
  0.30  0.20  0.00
  0.40  0.20  0.00
  0.50  0.20  0.00
 -0.40  0.20  0.00
 -0.30  0.20  0.00
 -0.20  0.20  0.00
  0.30  0.30  0.00
  0.40  0.30  0.00
  0.50  0.30  0.00
 -0.40  0.30  0.00
 -0.30  0.30  0.00
  0.40  0.40  0.00
  0.50  0.40  0.00
 -0.40  0.40  0.00
  0.50  0.50  0.00
  0.00  0.00  0.10
  0.10  0.00  0.10
  0.20  0.00  0.10
  0.30  0.00  0.10
  0.40  0.00  0.10
  0.50  0.00  0.10
  0.10  0.10  0.10
  0.20  0.10  0.10
  0.30  0.10  0.10
  0.40  0.10  0.10
  0.50  0.10  0.10
 -0.40  0.10  0.10
 -0.30  0.10  0.10
 -0.20  0.10  0.10
 -0.10  0.10  0.10
  0.20  0.20  0.10
  0.30  0.20  0.10
  0.40  0.20  0.10
  0.50  0.20  0.10
 -0.40  0.20  0.10
 -0.30  0.20  0.10
 -0.20  0.20  0.10
  0.30  0.30  0.10
  0.40  0.30  0.10
  0.50  0.30  0.10
 -0.40  0.30  0.10
 -0.30  0.30  0.10
  0.40  0.40  0.10
  0.50  0.40  0.10
 -0.40  0.40  0.10
  0.50  0.50  0.10
  0.00  0.00  0.20
  0.10  0.00  0.20
  0.20  0.00  0.20
  0.30  0.00  0.20
  0.40  0.00  0.20
  0.50  0.00  0.20
  0.10  0.10  0.20
  0.20  0.10  0.20
  0.30  0.10  0.20
  0.40  0.10  0.20
  0.50  0.10  0.20
 -0.40  0.10  0.20
 -0.30  0.10  0.20
 -0.20  0.10  0.20
 -0.10  0.10  0.20
  0.20  0.20  0.20
  0.30  0.20  0.20
  0.40  0.20  0.20
  0.50  0.20  0.20
 -0.40  0.20  0.20
 -0.30  0.20  0.20
 -0.20  0.20  0.20
  0.30  0.30  0.20
  0.40  0.30  0.20
  0.50  0.30  0.20
 -0.40  0.30  0.20
 -0.30  0.30  0.20
  0.40  0.40  0.20
  0.50  0.40  0.20
 -0.40  0.40  0.20
  0.50  0.50  0.20
  0.00  0.00  0.30
  0.10  0.00  0.30
  0.20  0.00  0.30
  0.30  0.00  0.30
  0.40  0.00  0.30
  0.50  0.00  0.30
  0.10  0.10  0.30
  0.20  0.10  0.30
  0.30  0.10  0.30
  0.40  0.10  0.30
  0.50  0.10  0.30
 -0.40  0.10  0.30
 -0.30  0.10  0.30
 -0.20  0.10  0.30
 -0.10  0.10  0.30
  0.20  0.20  0.30
  0.30  0.20  0.30
  0.40  0.20  0.30
  0.50  0.20  0.30
 -0.40  0.20  0.30
 -0.30  0.20  0.30
 -0.20  0.20  0.30
  0.30  0.30  0.30
  0.40  0.30  0.30
  0.50  0.30  0.30
 -0.40  0.30  0.30
 -0.30  0.30  0.30
  0.40  0.40  0.30
  0.50  0.40  0.30
 -0.40  0.40  0.30
  0.50  0.50  0.30
  0.00  0.00  0.40
  0.10  0.00  0.40
  0.20  0.00  0.40
  0.30  0.00  0.40
  0.40  0.00  0.40
  0.50  0.00  0.40
  0.10  0.10  0.40
  0.20  0.10  0.40
  0.30  0.10  0.40
  0.40  0.10  0.40
  0.50  0.10  0.40
 -0.40  0.10  0.40
 -0.30  0.10  0.40
 -0.20  0.10  0.40
 -0.10  0.10  0.40
  0.20  0.20  0.40
  0.30  0.20  0.40
  0.40  0.20  0.40
  0.50  0.20  0.40
 -0.40  0.20  0.40
 -0.30  0.20  0.40
 -0.20  0.20  0.40
  0.30  0.30  0.40
  0.40  0.30  0.40
  0.50  0.30  0.40
 -0.40  0.30  0.40
 -0.30  0.30  0.40
  0.40  0.40  0.40
  0.50  0.40  0.40
 -0.40  0.40  0.40
  0.50  0.50  0.40
  0.00  0.00  0.50
  0.10  0.00  0.50
  0.20  0.00  0.50
  0.30  0.00  0.50
  0.40  0.00  0.50
  0.50  0.00  0.50
  0.10  0.10  0.50
  0.20  0.10  0.50
  0.30  0.10  0.50
  0.40  0.10  0.50
  0.50  0.10  0.50
 -0.40  0.10  0.50
 -0.30  0.10  0.50
 -0.20  0.10  0.50
 -0.10  0.10  0.50
  0.20  0.20  0.50
  0.30  0.20  0.50
  0.40  0.20  0.50
  0.50  0.20  0.50
 -0.40  0.20  0.50
 -0.30  0.20  0.50
 -0.20  0.20  0.50
  0.30  0.30  0.50
  0.40  0.30  0.50
  0.50  0.30  0.50
 -0.40  0.30  0.50
 -0.30  0.30  0.50
  0.40  0.40  0.50
  0.50  0.40  0.50
 -0.40  0.40  0.50
  0.50  0.50  0.50
186   For W1N1 0.96
  0.00  0.00  0.00
  0.10  0.00  0.00
  0.20  0.00  0.00
  0.30  0.00  0.00
  0.40  0.00  0.00
  0.50  0.00  0.00
  0.10  0.10  0.00
  0.20  0.10  0.00
  0.30  0.10  0.00
  0.40  0.10  0.00
  0.50  0.10  0.00
 -0.40  0.10  0.00
 -0.30  0.10  0.00
 -0.20  0.10  0.00
 -0.10  0.10  0.00
  0.20  0.20  0.00
  0.30  0.20  0.00
  0.40  0.20  0.00
  0.50  0.20  0.00
 -0.40  0.20  0.00
 -0.30  0.20  0.00
 -0.20  0.20  0.00
  0.30  0.30  0.00
  0.40  0.30  0.00
  0.50  0.30  0.00
 -0.40  0.30  0.00
 -0.30  0.30  0.00
  0.40  0.40  0.00
  0.50  0.40  0.00
 -0.40  0.40  0.00
  0.50  0.50  0.00
  0.00  0.00  0.10
  0.10  0.00  0.10
  0.20  0.00  0.10
  0.30  0.00  0.10
  0.40  0.00  0.10
  0.50  0.00  0.10
  0.10  0.10  0.10
  0.20  0.10  0.10
  0.30  0.10  0.10
  0.40  0.10  0.10
  0.50  0.10  0.10
 -0.40  0.10  0.10
 -0.30  0.10  0.10
 -0.20  0.10  0.10
 -0.10  0.10  0.10
  0.20  0.20  0.10
  0.30  0.20  0.10
  0.40  0.20  0.10
  0.50  0.20  0.10
 -0.40  0.20  0.10
 -0.30  0.20  0.10
 -0.20  0.20  0.10
  0.30  0.30  0.10
  0.40  0.30  0.10
  0.50  0.30  0.10
 -0.40  0.30  0.10
 -0.30  0.30  0.10
  0.40  0.40  0.10
  0.50  0.40  0.10
 -0.40  0.40  0.10
  0.50  0.50  0.10
  0.00  0.00  0.20
  0.10  0.00  0.20
  0.20  0.00  0.20
  0.30  0.00  0.20
  0.40  0.00  0.20
  0.50  0.00  0.20
  0.10  0.10  0.20
  0.20  0.10  0.20
  0.30  0.10  0.20
  0.40  0.10  0.20
  0.50  0.10  0.20
 -0.40  0.10  0.20
 -0.30  0.10  0.20
 -0.20  0.10  0.20
 -0.10  0.10  0.20
  0.20  0.20  0.20
  0.30  0.20  0.20
  0.40  0.20  0.20
  0.50  0.20  0.20
 -0.40  0.20  0.20
 -0.30  0.20  0.20
 -0.20  0.20  0.20
  0.30  0.30  0.20
  0.40  0.30  0.20
  0.50  0.30  0.20
 -0.40  0.30  0.20
 -0.30  0.30  0.20
  0.40  0.40  0.20
  0.50  0.40  0.20
 -0.40  0.40  0.20
  0.50  0.50  0.20
  0.00  0.00  0.30
  0.10  0.00  0.30
  0.20  0.00  0.30
  0.30  0.00  0.30
  0.40  0.00  0.30
  0.50  0.00  0.30
  0.10  0.10  0.30
  0.20  0.10  0.30
  0.30  0.10  0.30
  0.40  0.10  0.30
  0.50  0.10  0.30
 -0.40  0.10  0.30
 -0.30  0.10  0.30
 -0.20  0.10  0.30
 -0.10  0.10  0.30
  0.20  0.20  0.30
  0.30  0.20  0.30
  0.40  0.20  0.30
  0.50  0.20  0.30
 -0.40  0.20  0.30
 -0.30  0.20  0.30
 -0.20  0.20  0.30
  0.30  0.30  0.30
  0.40  0.30  0.30
  0.50  0.30  0.30
 -0.40  0.30  0.30
 -0.30  0.30  0.30
  0.40  0.40  0.30
  0.50  0.40  0.30
 -0.40  0.40  0.30
  0.50  0.50  0.30
  0.00  0.00  0.40
  0.10  0.00  0.40
  0.20  0.00  0.40
  0.30  0.00  0.40
  0.40  0.00  0.40
  0.50  0.00  0.40
  0.10  0.10  0.40
  0.20  0.10  0.40
  0.30  0.10  0.40
  0.40  0.10  0.40
  0.50  0.10  0.40
 -0.40  0.10  0.40
 -0.30  0.10  0.40
 -0.20  0.10  0.40
 -0.10  0.10  0.40
  0.20  0.20  0.40
  0.30  0.20  0.40
  0.40  0.20  0.40
  0.50  0.20  0.40
 -0.40  0.20  0.40
 -0.30  0.20  0.40
 -0.20  0.20  0.40
  0.30  0.30  0.40
  0.40  0.30  0.40
  0.50  0.30  0.40
 -0.40  0.30  0.40
 -0.30  0.30  0.40
  0.40  0.40  0.40
  0.50  0.40  0.40
 -0.40  0.40  0.40
  0.50  0.50  0.40
  0.00  0.00  0.50
  0.10  0.00  0.50
  0.20  0.00  0.50
  0.30  0.00  0.50
  0.40  0.00  0.50
  0.50  0.00  0.50
  0.10  0.10  0.50
  0.20  0.10  0.50
  0.30  0.10  0.50
  0.40  0.10  0.50
  0.50  0.10  0.50
 -0.40  0.10  0.50
 -0.30  0.10  0.50
 -0.20  0.10  0.50
 -0.10  0.10  0.50
  0.20  0.20  0.50
  0.30  0.20  0.50
  0.40  0.20  0.50
  0.50  0.20  0.50
 -0.40  0.20  0.50
 -0.30  0.20  0.50
 -0.20  0.20  0.50
  0.30  0.30  0.50
  0.40  0.30  0.50
  0.50  0.30  0.50
 -0.40  0.30  0.50
 -0.30  0.30  0.50
  0.40  0.40  0.50
  0.50  0.40  0.50
 -0.40  0.40  0.50
  0.50  0.50  0.50
186   For W1N1 1.04
  0.00  0.00  0.00
  0.10  0.00  0.00
  0.20  0.00  0.00
  0.30  0.00  0.00
  0.40  0.00  0.00
  0.50  0.00  0.00
  0.10  0.10  0.00
  0.20  0.10  0.00
  0.30  0.10  0.00
  0.40  0.10  0.00
  0.50  0.10  0.00
 -0.40  0.10  0.00
 -0.30  0.10  0.00
 -0.20  0.10  0.00
 -0.10  0.10  0.00
  0.20  0.20  0.00
  0.30  0.20  0.00
  0.40  0.20  0.00
  0.50  0.20  0.00
 -0.40  0.20  0.00
 -0.30  0.20  0.00
 -0.20  0.20  0.00
  0.30  0.30  0.00
  0.40  0.30  0.00
  0.50  0.30  0.00
 -0.40  0.30  0.00
 -0.30  0.30  0.00
  0.40  0.40  0.00
  0.50  0.40  0.00
 -0.40  0.40  0.00
  0.50  0.50  0.00
  0.00  0.00  0.10
  0.10  0.00  0.10
  0.20  0.00  0.10
  0.30  0.00  0.10
  0.40  0.00  0.10
  0.50  0.00  0.10
  0.10  0.10  0.10
  0.20  0.10  0.10
  0.30  0.10  0.10
  0.40  0.10  0.10
  0.50  0.10  0.10
 -0.40  0.10  0.10
 -0.30  0.10  0.10
 -0.20  0.10  0.10
 -0.10  0.10  0.10
  0.20  0.20  0.10
  0.30  0.20  0.10
  0.40  0.20  0.10
  0.50  0.20  0.10
 -0.40  0.20  0.10
 -0.30  0.20  0.10
 -0.20  0.20  0.10
  0.30  0.30  0.10
  0.40  0.30  0.10
  0.50  0.30  0.10
 -0.40  0.30  0.10
 -0.30  0.30  0.10
  0.40  0.40  0.10
  0.50  0.40  0.10
 -0.40  0.40  0.10
  0.50  0.50  0.10
  0.00  0.00  0.20
  0.10  0.00  0.20
  0.20  0.00  0.20
  0.30  0.00  0.20
  0.40  0.00  0.20
  0.50  0.00  0.20
  0.10  0.10  0.20
  0.20  0.10  0.20
  0.30  0.10  0.20
  0.40  0.10  0.20
  0.50  0.10  0.20
 -0.40  0.10  0.20
 -0.30  0.10  0.20
 -0.20  0.10  0.20
 -0.10  0.10  0.20
  0.20  0.20  0.20
  0.30  0.20  0.20
  0.40  0.20  0.20
  0.50  0.20  0.20
 -0.40  0.20  0.20
 -0.30  0.20  0.20
 -0.20  0.20  0.20
  0.30  0.30  0.20
  0.40  0.30  0.20
  0.50  0.30  0.20
 -0.40  0.30  0.20
 -0.30  0.30  0.20
  0.40  0.40  0.20
  0.50  0.40  0.20
 -0.40  0.40  0.20
  0.50  0.50  0.20
  0.00  0.00  0.30
  0.10  0.00  0.30
  0.20  0.00  0.30
  0.30  0.00  0.30
  0.40  0.00  0.30
  0.50  0.00  0.30
  0.10  0.10  0.30
  0.20  0.10  0.30
  0.30  0.10  0.30
  0.40  0.10  0.30
  0.50  0.10  0.30
 -0.40  0.10  0.30
 -0.30  0.10  0.30
 -0.20  0.10  0.30
 -0.10  0.10  0.30
  0.20  0.20  0.30
  0.30  0.20  0.30
  0.40  0.20  0.30
  0.50  0.20  0.30
 -0.40  0.20  0.30
 -0.30  0.20  0.30
 -0.20  0.20  0.30
  0.30  0.30  0.30
  0.40  0.30  0.30
  0.50  0.30  0.30
 -0.40  0.30  0.30
 -0.30  0.30  0.30
  0.40  0.40  0.30
  0.50  0.40  0.30
 -0.40  0.40  0.30
  0.50  0.50  0.30
  0.00  0.00  0.40
  0.10  0.00  0.40
  0.20  0.00  0.40
  0.30  0.00  0.40
  0.40  0.00  0.40
  0.50  0.00  0.40
  0.10  0.10  0.40
  0.20  0.10  0.40
  0.30  0.10  0.40
  0.40  0.10  0.40
  0.50  0.10  0.40
 -0.40  0.10  0.40
 -0.30  0.10  0.40
 -0.20  0.10  0.40
 -0.10  0.10  0.40
  0.20  0.20  0.40
  0.30  0.20  0.40
  0.40  0.20  0.40
  0.50  0.20  0.40
 -0.40  0.20  0.40
 -0.30  0.20  0.40
 -0.20  0.20  0.40
  0.30  0.30  0.40
  0.40  0.30  0.40
  0.50  0.30  0.40
 -0.40  0.30  0.40
 -0.30  0.30  0.40
  0.40  0.40  0.40
  0.50  0.40  0.40
 -0.40  0.40  0.40
  0.50  0.50  0.40
  0.00  0.00  0.50
  0.10  0.00  0.50
  0.20  0.00  0.50
  0.30  0.00  0.50
  0.40  0.00  0.50
  0.50  0.00  0.50
  0.10  0.10  0.50
  0.20  0.10  0.50
  0.30  0.10  0.50
  0.40  0.10  0.50
  0.50  0.10  0.50
 -0.40  0.10  0.50
 -0.30  0.10  0.50
 -0.20  0.10  0.50
 -0.10  0.10  0.50
  0.20  0.20  0.50
  0.30  0.20  0.50
  0.40  0.20  0.50
  0.50  0.20  0.50
 -0.40  0.20  0.50
 -0.30  0.20  0.50
 -0.20  0.20  0.50
  0.30  0.30  0.50
  0.40  0.30  0.50
  0.50  0.30  0.50
 -0.40  0.30  0.50
 -0.30  0.30  0.50
  0.40  0.40  0.50
  0.50  0.40  0.50
 -0.40  0.40  0.50
  0.50  0.50  0.50
84  For W1N2 1.00
  0.00  0.00  0.00
  0.10  0.00  0.00
  0.20  0.00  0.00
  0.30  0.00  0.00
  0.40  0.00  0.00
  0.50  0.00  0.00
  0.10  0.10  0.00
  0.20  0.10  0.00
  0.30  0.10  0.00
  0.40  0.10  0.00
  0.20  0.20  0.00
  0.30  0.20  0.00
  0.40  0.20  0.00
  0.30  0.30  0.00
  0.00  0.00  0.10
  0.10  0.00  0.10
  0.20  0.00  0.10
  0.30  0.00  0.10
  0.40  0.00  0.10
  0.50  0.00  0.10
  0.10  0.10  0.10
  0.20  0.10  0.10
  0.30  0.10  0.10
  0.40  0.10  0.10
  0.20  0.20  0.10
  0.30  0.20  0.10
  0.40  0.20  0.10
  0.30  0.30  0.10
  0.00  0.00  0.20
  0.10  0.00  0.20
  0.20  0.00  0.20
  0.30  0.00  0.20
  0.40  0.00  0.20
  0.50  0.00  0.20
  0.10  0.10  0.20
  0.20  0.10  0.20
  0.30  0.10  0.20
  0.40  0.10  0.20
  0.20  0.20  0.20
  0.30  0.20  0.20
  0.40  0.20  0.20
  0.30  0.30  0.20
  0.00  0.00  0.30
  0.10  0.00  0.30
  0.20  0.00  0.30
  0.30  0.00  0.30
  0.40  0.00  0.30
  0.50  0.00  0.30
  0.10  0.10  0.30
  0.20  0.10  0.30
  0.30  0.10  0.30
  0.40  0.10  0.30
  0.20  0.20  0.30
  0.30  0.20  0.30
  0.40  0.20  0.30
  0.30  0.30  0.30
  0.00  0.00  0.40
  0.10  0.00  0.40
  0.20  0.00  0.40
  0.30  0.00  0.40
  0.40  0.00  0.40
  0.50  0.00  0.40
  0.10  0.10  0.40
  0.20  0.10  0.40
  0.30  0.10  0.40
  0.40  0.10  0.40
  0.20  0.20  0.40
  0.30  0.20  0.40
  0.40  0.20  0.40
  0.30  0.30  0.40
  0.00  0.00  0.50
  0.10  0.00  0.50
  0.20  0.00  0.50
  0.30  0.00  0.50
  0.40  0.00  0.50
  0.50  0.00  0.50
  0.10  0.10  0.50
  0.20  0.10  0.50
  0.30  0.10  0.50
  0.40  0.10  0.50
  0.20  0.20  0.50
  0.30  0.20  0.50
  0.40  0.20  0.50
  0.30  0.30  0.50
84  For W1N2 0.96
  0.00  0.00  0.00
  0.10  0.00  0.00
  0.20  0.00  0.00
  0.30  0.00  0.00
  0.40  0.00  0.00
  0.50  0.00  0.00
  0.10  0.10  0.00
  0.20  0.10  0.00
  0.30  0.10  0.00
  0.40  0.10  0.00
  0.20  0.20  0.00
  0.30  0.20  0.00
  0.40  0.20  0.00
  0.30  0.30  0.00
  0.00  0.00  0.10
  0.10  0.00  0.10
  0.20  0.00  0.10
  0.30  0.00  0.10
  0.40  0.00  0.10
  0.50  0.00  0.10
  0.10  0.10  0.10
  0.20  0.10  0.10
  0.30  0.10  0.10
  0.40  0.10  0.10
  0.20  0.20  0.10
  0.30  0.20  0.10
  0.40  0.20  0.10
  0.30  0.30  0.10
  0.00  0.00  0.20
  0.10  0.00  0.20
  0.20  0.00  0.20
  0.30  0.00  0.20
  0.40  0.00  0.20
  0.50  0.00  0.20
  0.10  0.10  0.20
  0.20  0.10  0.20
  0.30  0.10  0.20
  0.40  0.10  0.20
  0.20  0.20  0.20
  0.30  0.20  0.20
  0.40  0.20  0.20
  0.30  0.30  0.20
  0.00  0.00  0.30
  0.10  0.00  0.30
  0.20  0.00  0.30
  0.30  0.00  0.30
  0.40  0.00  0.30
  0.50  0.00  0.30
  0.10  0.10  0.30
  0.20  0.10  0.30
  0.30  0.10  0.30
  0.40  0.10  0.30
  0.20  0.20  0.30
  0.30  0.20  0.30
  0.40  0.20  0.30
  0.30  0.30  0.30
  0.00  0.00  0.40
  0.10  0.00  0.40
  0.20  0.00  0.40
  0.30  0.00  0.40
  0.40  0.00  0.40
  0.50  0.00  0.40
  0.10  0.10  0.40
  0.20  0.10  0.40
  0.30  0.10  0.40
  0.40  0.10  0.40
  0.20  0.20  0.40
  0.30  0.20  0.40
  0.40  0.20  0.40
  0.30  0.30  0.40
  0.00  0.00  0.50
  0.10  0.00  0.50
  0.20  0.00  0.50
  0.30  0.00  0.50
  0.40  0.00  0.50
  0.50  0.00  0.50
  0.10  0.10  0.50
  0.20  0.10  0.50
  0.30  0.10  0.50
  0.40  0.10  0.50
  0.20  0.20  0.50
  0.30  0.20  0.50
  0.40  0.20  0.50
  0.30  0.30  0.50
84  For W1N2 1.04
  0.00  0.00  0.00
  0.10  0.00  0.00
  0.20  0.00  0.00
  0.30  0.00  0.00
  0.40  0.00  0.00
  0.50  0.00  0.00
  0.10  0.10  0.00
  0.20  0.10  0.00
  0.30  0.10  0.00
  0.40  0.10  0.00
  0.20  0.20  0.00
  0.30  0.20  0.00
  0.40  0.20  0.00
  0.30  0.30  0.00
  0.00  0.00  0.10
  0.10  0.00  0.10
  0.20  0.00  0.10
  0.30  0.00  0.10
  0.40  0.00  0.10
  0.50  0.00  0.10
  0.10  0.10  0.10
  0.20  0.10  0.10
  0.30  0.10  0.10
  0.40  0.10  0.10
  0.20  0.20  0.10
  0.30  0.20  0.10
  0.40  0.20  0.10
  0.30  0.30  0.10
  0.00  0.00  0.20
  0.10  0.00  0.20
  0.20  0.00  0.20
  0.30  0.00  0.20
  0.40  0.00  0.20
  0.50  0.00  0.20
  0.10  0.10  0.20
  0.20  0.10  0.20
  0.30  0.10  0.20
  0.40  0.10  0.20
  0.20  0.20  0.20
  0.30  0.20  0.20
  0.40  0.20  0.20
  0.30  0.30  0.20
  0.00  0.00  0.30
  0.10  0.00  0.30
  0.20  0.00  0.30
  0.30  0.00  0.30
  0.40  0.00  0.30
  0.50  0.00  0.30
  0.10  0.10  0.30
  0.20  0.10  0.30
  0.30  0.10  0.30
  0.40  0.10  0.30
  0.20  0.20  0.30
  0.30  0.20  0.30
  0.40  0.20  0.30
  0.30  0.30  0.30
  0.00  0.00  0.40
  0.10  0.00  0.40
  0.20  0.00  0.40
  0.30  0.00  0.40
  0.40  0.00  0.40
  0.50  0.00  0.40
  0.10  0.10  0.40
  0.20  0.10  0.40
  0.30  0.10  0.40
  0.40  0.10  0.40
  0.20  0.20  0.40
  0.30  0.20  0.40
  0.40  0.20  0.40
  0.30  0.30  0.40
  0.00  0.00  0.50
  0.10  0.00  0.50
  0.20  0.00  0.50
  0.30  0.00  0.50
  0.40  0.00  0.50
  0.50  0.00  0.50
  0.10  0.10  0.50
  0.20  0.10  0.50
  0.30  0.10  0.50
  0.40  0.10  0.50
  0.20  0.20  0.50
  0.30  0.20  0.50
  0.40  0.20  0.50
  0.30  0.30  0.50
60 For W2N1 1.00
    0.06250000000000    0.06250000000000    0.06250000000000             2
    0.18750000000000    0.06250000000000    0.06250000000000             6
    0.31250000000000    0.06250000000000    0.06250000000000             6
    0.43750000000000    0.06250000000000    0.06250000000000             6
   -0.43750000000000    0.06250000000000    0.06250000000000             6
   -0.31250000000000    0.06250000000000    0.06250000000000             6
   -0.18750000000000    0.06250000000000    0.06250000000000             6
   -0.06250000000000    0.06250000000000    0.06250000000000             6
    0.18750000000000    0.18750000000000    0.06250000000000             6
    0.31250000000000    0.18750000000000    0.06250000000000            12
    0.43750000000000    0.18750000000000    0.06250000000000            12
   -0.43750000000000    0.18750000000000    0.06250000000000            12
   -0.31250000000000    0.18750000000000    0.06250000000000            12
   -0.18750000000000    0.18750000000000    0.06250000000000            12
   -0.06250000000000    0.18750000000000    0.06250000000000            12
    0.31250000000000    0.31250000000000    0.06250000000000             6
    0.43750000000000    0.31250000000000    0.06250000000000            12
   -0.43750000000000    0.31250000000000    0.06250000000000            12
   -0.31250000000000    0.31250000000000    0.06250000000000            12
   -0.18750000000000    0.31250000000000    0.06250000000000            12
   -0.06250000000000    0.31250000000000    0.06250000000000            12
    0.43750000000000    0.43750000000000    0.06250000000000             6
   -0.43750000000000    0.43750000000000    0.06250000000000            12
   -0.31250000000000    0.43750000000000    0.06250000000000            12
   -0.18750000000000    0.43750000000000    0.06250000000000            12
   -0.06250000000000    0.43750000000000    0.06250000000000            12
   -0.43750000000000   -0.43750000000000    0.06250000000000             6
   -0.31250000000000   -0.43750000000000    0.06250000000000            12
   -0.18750000000000   -0.43750000000000    0.06250000000000            12
   -0.31250000000000   -0.31250000000000    0.06250000000000             6
   -0.18750000000000   -0.31250000000000    0.06250000000000            12
   -0.18750000000000   -0.18750000000000    0.06250000000000             6
    0.18750000000000    0.18750000000000    0.18750000000000             2
    0.31250000000000    0.18750000000000    0.18750000000000             6
    0.43750000000000    0.18750000000000    0.18750000000000             6
   -0.43750000000000    0.18750000000000    0.18750000000000             6
   -0.31250000000000    0.18750000000000    0.18750000000000             6
   -0.18750000000000    0.18750000000000    0.18750000000000             6
    0.31250000000000    0.31250000000000    0.18750000000000             6
    0.43750000000000    0.31250000000000    0.18750000000000            12
   -0.43750000000000    0.31250000000000    0.18750000000000            12
   -0.31250000000000    0.31250000000000    0.18750000000000            12
   -0.18750000000000    0.31250000000000    0.18750000000000            12
    0.43750000000000    0.43750000000000    0.18750000000000             6
   -0.43750000000000    0.43750000000000    0.18750000000000            12
   -0.31250000000000    0.43750000000000    0.18750000000000            12
   -0.18750000000000    0.43750000000000    0.18750000000000            12
   -0.43750000000000   -0.43750000000000    0.18750000000000             6
   -0.31250000000000   -0.43750000000000    0.18750000000000            12
   -0.31250000000000   -0.31250000000000    0.18750000000000             6
    0.31250000000000    0.31250000000000    0.31250000000000             2
    0.43750000000000    0.31250000000000    0.31250000000000             6
   -0.43750000000000    0.31250000000000    0.31250000000000             6
   -0.31250000000000    0.31250000000000    0.31250000000000             6
    0.43750000000000    0.43750000000000    0.31250000000000             6
   -0.43750000000000    0.43750000000000    0.31250000000000            12
   -0.31250000000000    0.43750000000000    0.31250000000000            12
   -0.43750000000000   -0.43750000000000    0.31250000000000             6
    0.43750000000000    0.43750000000000    0.43750000000000             2
   -0.43750000000000    0.43750000000000    0.43750000000000             6
60 For W2N1  0.96
    0.06250000000000    0.06250000000000    0.06250000000000             2
    0.18750000000000    0.06250000000000    0.06250000000000             6
    0.31250000000000    0.06250000000000    0.06250000000000             6
    0.43750000000000    0.06250000000000    0.06250000000000             6
   -0.43750000000000    0.06250000000000    0.06250000000000             6
   -0.31250000000000    0.06250000000000    0.06250000000000             6
   -0.18750000000000    0.06250000000000    0.06250000000000             6
   -0.06250000000000    0.06250000000000    0.06250000000000             6
    0.18750000000000    0.18750000000000    0.06250000000000             6
    0.31250000000000    0.18750000000000    0.06250000000000            12
    0.43750000000000    0.18750000000000    0.06250000000000            12
   -0.43750000000000    0.18750000000000    0.06250000000000            12
   -0.31250000000000    0.18750000000000    0.06250000000000            12
   -0.18750000000000    0.18750000000000    0.06250000000000            12
   -0.06250000000000    0.18750000000000    0.06250000000000            12
    0.31250000000000    0.31250000000000    0.06250000000000             6
    0.43750000000000    0.31250000000000    0.06250000000000            12
   -0.43750000000000    0.31250000000000    0.06250000000000            12
   -0.31250000000000    0.31250000000000    0.06250000000000            12
   -0.18750000000000    0.31250000000000    0.06250000000000            12
   -0.06250000000000    0.31250000000000    0.06250000000000            12
    0.43750000000000    0.43750000000000    0.06250000000000             6
   -0.43750000000000    0.43750000000000    0.06250000000000            12
   -0.31250000000000    0.43750000000000    0.06250000000000            12
   -0.18750000000000    0.43750000000000    0.06250000000000            12
   -0.06250000000000    0.43750000000000    0.06250000000000            12
   -0.43750000000000   -0.43750000000000    0.06250000000000             6
   -0.31250000000000   -0.43750000000000    0.06250000000000            12
   -0.18750000000000   -0.43750000000000    0.06250000000000            12
   -0.31250000000000   -0.31250000000000    0.06250000000000             6
   -0.18750000000000   -0.31250000000000    0.06250000000000            12
   -0.18750000000000   -0.18750000000000    0.06250000000000             6
    0.18750000000000    0.18750000000000    0.18750000000000             2
    0.31250000000000    0.18750000000000    0.18750000000000             6
    0.43750000000000    0.18750000000000    0.18750000000000             6
   -0.43750000000000    0.18750000000000    0.18750000000000             6
   -0.31250000000000    0.18750000000000    0.18750000000000             6
   -0.18750000000000    0.18750000000000    0.18750000000000             6
    0.31250000000000    0.31250000000000    0.18750000000000             6
    0.43750000000000    0.31250000000000    0.18750000000000            12
   -0.43750000000000    0.31250000000000    0.18750000000000            12
   -0.31250000000000    0.31250000000000    0.18750000000000            12
   -0.18750000000000    0.31250000000000    0.18750000000000            12
    0.43750000000000    0.43750000000000    0.18750000000000             6
   -0.43750000000000    0.43750000000000    0.18750000000000            12
   -0.31250000000000    0.43750000000000    0.18750000000000            12
   -0.18750000000000    0.43750000000000    0.18750000000000            12
   -0.43750000000000   -0.43750000000000    0.18750000000000             6
   -0.31250000000000   -0.43750000000000    0.18750000000000            12
   -0.31250000000000   -0.31250000000000    0.18750000000000             6
    0.31250000000000    0.31250000000000    0.31250000000000             2
    0.43750000000000    0.31250000000000    0.31250000000000             6
   -0.43750000000000    0.31250000000000    0.31250000000000             6
   -0.31250000000000    0.31250000000000    0.31250000000000             6
    0.43750000000000    0.43750000000000    0.31250000000000             6
   -0.43750000000000    0.43750000000000    0.31250000000000            12
   -0.31250000000000    0.43750000000000    0.31250000000000            12
   -0.43750000000000   -0.43750000000000    0.31250000000000             6
    0.43750000000000    0.43750000000000    0.43750000000000             2
   -0.43750000000000    0.43750000000000    0.43750000000000             6
60 For W2N1 1.04
    0.06250000000000    0.06250000000000    0.06250000000000             2
    0.18750000000000    0.06250000000000    0.06250000000000             6
    0.31250000000000    0.06250000000000    0.06250000000000             6
    0.43750000000000    0.06250000000000    0.06250000000000             6
   -0.43750000000000    0.06250000000000    0.06250000000000             6
   -0.31250000000000    0.06250000000000    0.06250000000000             6
   -0.18750000000000    0.06250000000000    0.06250000000000             6
   -0.06250000000000    0.06250000000000    0.06250000000000             6
    0.18750000000000    0.18750000000000    0.06250000000000             6
    0.31250000000000    0.18750000000000    0.06250000000000            12
    0.43750000000000    0.18750000000000    0.06250000000000            12
   -0.43750000000000    0.18750000000000    0.06250000000000            12
   -0.31250000000000    0.18750000000000    0.06250000000000            12
   -0.18750000000000    0.18750000000000    0.06250000000000            12
   -0.06250000000000    0.18750000000000    0.06250000000000            12
    0.31250000000000    0.31250000000000    0.06250000000000             6
    0.43750000000000    0.31250000000000    0.06250000000000            12
   -0.43750000000000    0.31250000000000    0.06250000000000            12
   -0.31250000000000    0.31250000000000    0.06250000000000            12
   -0.18750000000000    0.31250000000000    0.06250000000000            12
   -0.06250000000000    0.31250000000000    0.06250000000000            12
    0.43750000000000    0.43750000000000    0.06250000000000             6
   -0.43750000000000    0.43750000000000    0.06250000000000            12
   -0.31250000000000    0.43750000000000    0.06250000000000            12
   -0.18750000000000    0.43750000000000    0.06250000000000            12
   -0.06250000000000    0.43750000000000    0.06250000000000            12
   -0.43750000000000   -0.43750000000000    0.06250000000000             6
   -0.31250000000000   -0.43750000000000    0.06250000000000            12
   -0.18750000000000   -0.43750000000000    0.06250000000000            12
   -0.31250000000000   -0.31250000000000    0.06250000000000             6
   -0.18750000000000   -0.31250000000000    0.06250000000000            12
   -0.18750000000000   -0.18750000000000    0.06250000000000             6
    0.18750000000000    0.18750000000000    0.18750000000000             2
    0.31250000000000    0.18750000000000    0.18750000000000             6
    0.43750000000000    0.18750000000000    0.18750000000000             6
   -0.43750000000000    0.18750000000000    0.18750000000000             6
   -0.31250000000000    0.18750000000000    0.18750000000000             6
   -0.18750000000000    0.18750000000000    0.18750000000000             6
    0.31250000000000    0.31250000000000    0.18750000000000             6
    0.43750000000000    0.31250000000000    0.18750000000000            12
   -0.43750000000000    0.31250000000000    0.18750000000000            12
   -0.31250000000000    0.31250000000000    0.18750000000000            12
   -0.18750000000000    0.31250000000000    0.18750000000000            12
    0.43750000000000    0.43750000000000    0.18750000000000             6
   -0.43750000000000    0.43750000000000    0.18750000000000            12
   -0.31250000000000    0.43750000000000    0.18750000000000            12
   -0.18750000000000    0.43750000000000    0.18750000000000            12
   -0.43750000000000   -0.43750000000000    0.18750000000000             6
   -0.31250000000000   -0.43750000000000    0.18750000000000            12
   -0.31250000000000   -0.31250000000000    0.18750000000000             6
    0.31250000000000    0.31250000000000    0.31250000000000             2
    0.43750000000000    0.31250000000000    0.31250000000000             6
   -0.43750000000000    0.31250000000000    0.31250000000000             6
   -0.31250000000000    0.31250000000000    0.31250000000000             6
    0.43750000000000    0.43750000000000    0.31250000000000             6
   -0.43750000000000    0.43750000000000    0.31250000000000            12
   -0.31250000000000    0.43750000000000    0.31250000000000            12
   -0.43750000000000   -0.43750000000000    0.31250000000000             6
    0.43750000000000    0.43750000000000    0.43750000000000             2
   -0.43750000000000    0.43750000000000    0.43750000000000             6
20 For W3N3 1.00
  0.06  0.06  0.06
  0.19  0.06  0.06
  0.31  0.06  0.06
  0.44  0.06  0.06
  0.19  0.19  0.06
  0.31  0.19  0.06
  0.44  0.19  0.06
  0.31  0.31  0.06
  0.44  0.31  0.06
  0.44  0.44  0.06
  0.19  0.19  0.19
  0.31  0.19  0.19
  0.44  0.19  0.19
  0.31  0.31  0.19
  0.44  0.31  0.19
  0.44  0.44  0.19
  0.31  0.31  0.31
  0.44  0.31  0.31
  0.44  0.44  0.31
  0.44  0.44  0.44
20 For W3N3 0.96
  0.06  0.06  0.06
  0.19  0.06  0.06
  0.31  0.06  0.06
  0.44  0.06  0.06
  0.19  0.19  0.06
  0.31  0.19  0.06
  0.44  0.19  0.06
  0.31  0.31  0.06
  0.44  0.31  0.06
  0.44  0.44  0.06
  0.19  0.19  0.19
  0.31  0.19  0.19
  0.44  0.19  0.19
  0.31  0.31  0.19
  0.44  0.31  0.19
  0.44  0.44  0.19
  0.31  0.31  0.31
  0.44  0.31  0.31
  0.44  0.44  0.31
  0.44  0.44  0.44
20 For W3N3 1.04
  0.06  0.06  0.06
  0.19  0.06  0.06
  0.31  0.06  0.06
  0.44  0.06  0.06
  0.19  0.19  0.06
  0.31  0.19  0.06
  0.44  0.19  0.06
  0.31  0.31  0.06
  0.44  0.31  0.06
  0.44  0.44  0.06
  0.19  0.19  0.19
  0.31  0.19  0.19
  0.44  0.19  0.19
  0.31  0.31  0.19
  0.44  0.31  0.19
  0.44  0.44  0.19
  0.31  0.31  0.31
  0.44  0.31  0.31
  0.44  0.44  0.31
  0.44  0.44  0.44
42 For W4N2 1.00
    0.00000000000000    0.00000000000000    0.00000000000000             1
    0.07692307692308    0.00000000000000    0.00000000000000             6
    0.15384615384615    0.00000000000000    0.00000000000000             6
    0.23076923076923    0.00000000000000    0.00000000000000             6
    0.30769230769231    0.00000000000000    0.00000000000000             6
    0.38461538461538    0.00000000000000    0.00000000000000             6
    0.46153846153846    0.00000000000000    0.00000000000000             6
    0.07692307692308    0.07692307692308    0.00000000000000             6
    0.15384615384615    0.07692307692308    0.00000000000000            12
    0.23076923076923    0.07692307692308    0.00000000000000            12
    0.30769230769231    0.07692307692308    0.00000000000000            12
    0.38461538461538    0.07692307692308    0.00000000000000            12
    0.46153846153846    0.07692307692308    0.00000000000000             6
    0.15384615384615    0.15384615384615    0.00000000000000             6
    0.23076923076923    0.15384615384615    0.00000000000000            12
    0.30769230769231    0.15384615384615    0.00000000000000            12
    0.38461538461538    0.15384615384615    0.00000000000000            12
    0.23076923076923    0.23076923076923    0.00000000000000             6
    0.30769230769231    0.23076923076923    0.00000000000000            12
    0.38461538461538    0.23076923076923    0.00000000000000             6
    0.30769230769231    0.30769230769231    0.00000000000000             6
    0.00000000000000    0.00000000000000    0.33333333333333             2
    0.07692307692308    0.00000000000000    0.33333333333333            12
    0.15384615384615    0.00000000000000    0.33333333333333            12
    0.23076923076923    0.00000000000000    0.33333333333333            12
    0.30769230769231    0.00000000000000    0.33333333333333            12
    0.38461538461538    0.00000000000000    0.33333333333333            12
    0.46153846153846    0.00000000000000    0.33333333333333            12
    0.07692307692308    0.07692307692308    0.33333333333333            12
    0.15384615384615    0.07692307692308    0.33333333333333            24
    0.23076923076923    0.07692307692308    0.33333333333333            24
    0.30769230769231    0.07692307692308    0.33333333333333            24
    0.38461538461538    0.07692307692308    0.33333333333333            24
    0.46153846153846    0.07692307692308    0.33333333333333            12
    0.15384615384615    0.15384615384615    0.33333333333333            12
    0.23076923076923    0.15384615384615    0.33333333333333            24
    0.30769230769231    0.15384615384615    0.33333333333333            24
    0.38461538461538    0.15384615384615    0.33333333333333            24
    0.23076923076923    0.23076923076923    0.33333333333333            12
    0.30769230769231    0.23076923076923    0.33333333333333            24
    0.38461538461538    0.23076923076923    0.33333333333333            12
    0.30769230769231    0.30769230769231    0.33333333333333            12
42 For W4N2 0.96
    0.00000000000000    0.00000000000000    0.00000000000000             1
    0.07692307692308    0.00000000000000    0.00000000000000             6
    0.15384615384615    0.00000000000000    0.00000000000000             6
    0.23076923076923    0.00000000000000    0.00000000000000             6
    0.30769230769231    0.00000000000000    0.00000000000000             6
    0.38461538461538    0.00000000000000    0.00000000000000             6
    0.46153846153846    0.00000000000000    0.00000000000000             6
    0.07692307692308    0.07692307692308    0.00000000000000             6
    0.15384615384615    0.07692307692308    0.00000000000000            12
    0.23076923076923    0.07692307692308    0.00000000000000            12
    0.30769230769231    0.07692307692308    0.00000000000000            12
    0.38461538461538    0.07692307692308    0.00000000000000            12
    0.46153846153846    0.07692307692308    0.00000000000000             6
    0.15384615384615    0.15384615384615    0.00000000000000             6
    0.23076923076923    0.15384615384615    0.00000000000000            12
    0.30769230769231    0.15384615384615    0.00000000000000            12
    0.38461538461538    0.15384615384615    0.00000000000000            12
    0.23076923076923    0.23076923076923    0.00000000000000             6
    0.30769230769231    0.23076923076923    0.00000000000000            12
    0.38461538461538    0.23076923076923    0.00000000000000             6
    0.30769230769231    0.30769230769231    0.00000000000000             6
    0.00000000000000    0.00000000000000    0.33333333333333             2
    0.07692307692308    0.00000000000000    0.33333333333333            12
    0.15384615384615    0.00000000000000    0.33333333333333            12
    0.23076923076923    0.00000000000000    0.33333333333333            12
    0.30769230769231    0.00000000000000    0.33333333333333            12
    0.38461538461538    0.00000000000000    0.33333333333333            12
    0.46153846153846    0.00000000000000    0.33333333333333            12
    0.07692307692308    0.07692307692308    0.33333333333333            12
    0.15384615384615    0.07692307692308    0.33333333333333            24
    0.23076923076923    0.07692307692308    0.33333333333333            24
    0.30769230769231    0.07692307692308    0.33333333333333            24
    0.38461538461538    0.07692307692308    0.33333333333333            24
    0.46153846153846    0.07692307692308    0.33333333333333            12
    0.15384615384615    0.15384615384615    0.33333333333333            12
    0.23076923076923    0.15384615384615    0.33333333333333            24
    0.30769230769231    0.15384615384615    0.33333333333333            24
    0.38461538461538    0.15384615384615    0.33333333333333            24
    0.23076923076923    0.23076923076923    0.33333333333333            12
    0.30769230769231    0.23076923076923    0.33333333333333            24
    0.38461538461538    0.23076923076923    0.33333333333333            12
    0.30769230769231    0.30769230769231    0.33333333333333            12
42 For W4N2 1.04
    0.00000000000000    0.00000000000000    0.00000000000000             1
    0.07692307692308    0.00000000000000    0.00000000000000             6
    0.15384615384615    0.00000000000000    0.00000000000000             6
    0.23076923076923    0.00000000000000    0.00000000000000             6
    0.30769230769231    0.00000000000000    0.00000000000000             6
    0.38461538461538    0.00000000000000    0.00000000000000             6
    0.46153846153846    0.00000000000000    0.00000000000000             6
    0.07692307692308    0.07692307692308    0.00000000000000             6
    0.15384615384615    0.07692307692308    0.00000000000000            12
    0.23076923076923    0.07692307692308    0.00000000000000            12
    0.30769230769231    0.07692307692308    0.00000000000000            12
    0.38461538461538    0.07692307692308    0.00000000000000            12
    0.46153846153846    0.07692307692308    0.00000000000000             6
    0.15384615384615    0.15384615384615    0.00000000000000             6
    0.23076923076923    0.15384615384615    0.00000000000000            12
    0.30769230769231    0.15384615384615    0.00000000000000            12
    0.38461538461538    0.15384615384615    0.00000000000000            12
    0.23076923076923    0.23076923076923    0.00000000000000             6
    0.30769230769231    0.23076923076923    0.00000000000000            12
    0.38461538461538    0.23076923076923    0.00000000000000             6
    0.30769230769231    0.30769230769231    0.00000000000000             6
    0.00000000000000    0.00000000000000    0.33333333333333             2
    0.07692307692308    0.00000000000000    0.33333333333333            12
    0.15384615384615    0.00000000000000    0.33333333333333            12
    0.23076923076923    0.00000000000000    0.33333333333333            12
    0.30769230769231    0.00000000000000    0.33333333333333            12
    0.38461538461538    0.00000000000000    0.33333333333333            12
    0.46153846153846    0.00000000000000    0.33333333333333            12
    0.07692307692308    0.07692307692308    0.33333333333333            12
    0.15384615384615    0.07692307692308    0.33333333333333            24
    0.23076923076923    0.07692307692308    0.33333333333333            24
    0.30769230769231    0.07692307692308    0.33333333333333            24
    0.38461538461538    0.07692307692308    0.33333333333333            24
    0.46153846153846    0.07692307692308    0.33333333333333            12
    0.15384615384615    0.15384615384615    0.33333333333333            12
    0.23076923076923    0.15384615384615    0.33333333333333            24
    0.30769230769231    0.15384615384615    0.33333333333333            24
    0.38461538461538    0.15384615384615    0.33333333333333            24
    0.23076923076923    0.23076923076923    0.33333333333333            12
    0.30769230769231    0.23076923076923    0.33333333333333            24
    0.38461538461538    0.23076923076923    0.33333333333333            12
    0.30769230769231    0.30769230769231    0.33333333333333            12
3 For W2N1H1
   0.0000000000   0.0000000000   0.0000000000 1.0    Gamma
   0.3410390384   0.3410390384   0.0000000000 1.0    C
  -0.5000000000   0.5000000000   0.0000000000 1.0    Y_2
3 For W2N1H2
   0.0000000000   0.0000000000   0.0000000000 1.0    Gamma
   0.3410390384   0.3410390384   0.0000000000 1.0    C
  -0.5000000000   0.5000000000   0.0000000000 1.0    Y_2
1   For NH3
   0.00000000  0.00000000  0.00000000       1.000
1   For N2       
   0.00000000  0.00000000  0.00000000       1.000
1   For WH5      
   0.00000000  0.00000000  0.00000000       1.000
1   For WN cluster 
   0.00000000  0.00000000  0.00000000       1.000
1   For WN2 cluster
   0.00000000  0.00000000  0.00000000       1.000
1   For W2N1 cluster
   0.00000000  0.00000000  0.00000000       1.000
21  For W2N1_Low energy 1.00
    0.08333333333333    0.08333333333333    0.25000000000000            96
    0.25000000000000    0.08333333333333    0.25000000000000            96
    0.33333333333333   -0.25000000000000    0.25000000000000            96
    0.41666666666667    0.08333333333333    0.25000000000000            96
    0.50000000000000   -0.41666666666667    0.25000000000000            96
   -0.41666666666667    0.08333333333333    0.25000000000000            96
   -0.33333333333333    0.41666666666667    0.25000000000000            96
   -0.25000000000000    0.08333333333333    0.25000000000000            96
   -0.16666666666667    0.25000000000000    0.25000000000000            96
   -0.08333333333333    0.08333333333333    0.25000000000000            48
    0.00000000000000    0.08333333333333    0.25000000000000            48
    0.25000000000000    0.25000000000000    0.25000000000000            96
    0.41666666666667    0.25000000000000    0.25000000000000            96
   -0.33333333333333   -0.41666666666667    0.25000000000000            96
   -0.41666666666667    0.25000000000000    0.25000000000000            96
   -0.16666666666667    0.41666666666667    0.25000000000000            96
   -0.25000000000000    0.25000000000000    0.25000000000000            48
    0.00000000000000    0.25000000000000    0.25000000000000            48
    0.41666666666667    0.41666666666667    0.25000000000000            96
   -0.41666666666667    0.41666666666667    0.25000000000000            48
   -0.00000000000000    0.41666666666667    0.25000000000000            48
21  For W2N1_Low energy 0.96
    0.08333333333333    0.08333333333333    0.25000000000000            96
    0.25000000000000    0.08333333333333    0.25000000000000            96
    0.33333333333333   -0.25000000000000    0.25000000000000            96
    0.41666666666667    0.08333333333333    0.25000000000000            96
    0.50000000000000   -0.41666666666667    0.25000000000000            96
   -0.41666666666667    0.08333333333333    0.25000000000000            96
   -0.33333333333333    0.41666666666667    0.25000000000000            96
   -0.25000000000000    0.08333333333333    0.25000000000000            96
   -0.16666666666667    0.25000000000000    0.25000000000000            96
   -0.08333333333333    0.08333333333333    0.25000000000000            48
    0.00000000000000    0.08333333333333    0.25000000000000            48
    0.25000000000000    0.25000000000000    0.25000000000000            96
    0.41666666666667    0.25000000000000    0.25000000000000            96
   -0.33333333333333   -0.41666666666667    0.25000000000000            96
   -0.41666666666667    0.25000000000000    0.25000000000000            96
   -0.16666666666667    0.41666666666667    0.25000000000000            96
   -0.25000000000000    0.25000000000000    0.25000000000000            48
    0.00000000000000    0.25000000000000    0.25000000000000            48
    0.41666666666667    0.41666666666667    0.25000000000000            96
   -0.41666666666667    0.41666666666667    0.25000000000000            48
   -0.00000000000000    0.41666666666667    0.25000000000000            48
21  For W2N1_Low energy 1.04
    0.08333333333333    0.08333333333333    0.25000000000000            96
    0.25000000000000    0.08333333333333    0.25000000000000            96
    0.33333333333333   -0.25000000000000    0.25000000000000            96
    0.41666666666667    0.08333333333333    0.25000000000000            96
    0.50000000000000   -0.41666666666667    0.25000000000000            96
   -0.41666666666667    0.08333333333333    0.25000000000000            96
   -0.33333333333333    0.41666666666667    0.25000000000000            96
   -0.25000000000000    0.08333333333333    0.25000000000000            96
   -0.16666666666667    0.25000000000000    0.25000000000000            96
   -0.08333333333333    0.08333333333333    0.25000000000000            48
    0.00000000000000    0.08333333333333    0.25000000000000            48
    0.25000000000000    0.25000000000000    0.25000000000000            96
    0.41666666666667    0.25000000000000    0.25000000000000            96
   -0.33333333333333   -0.41666666666667    0.25000000000000            96
   -0.41666666666667    0.25000000000000    0.25000000000000            96
   -0.16666666666667    0.41666666666667    0.25000000000000            96
   -0.25000000000000    0.25000000000000    0.25000000000000            48
    0.00000000000000    0.25000000000000    0.25000000000000            48
    0.41666666666667    0.41666666666667    0.25000000000000            96
   -0.41666666666667    0.41666666666667    0.25000000000000            48
   -0.00000000000000    0.41666666666667    0.25000000000000            48
47  For W6N12 1.00 
    0.00000000000000    0.00000000000000    0.00000000000000             1
    0.10000000000000   -0.00000000000000   -0.00000000000000            12
    0.20000000000000    0.00000000000000   -0.00000000000000            12
    0.30000000000000    0.00000000000000   -0.00000000000000            12
    0.40000000000000    0.00000000000000   -0.00000000000000            12
    0.50000000000000    0.00000000000000   -0.00000000000000             6
    0.10000000000000    0.10000000000000    0.00000000000000            24
    0.20000000000000    0.10000000000000    0.00000000000000            48
    0.30000000000000    0.10000000000000   -0.00000000000000            48
    0.40000000000000    0.10000000000000   -0.00000000000000            48
    0.20000000000000    0.20000000000000    0.00000000000000            24
    0.30000000000000    0.20000000000000   -0.00000000000000            48
    0.40000000000000    0.20000000000000    0.00000000000000            24
    0.30000000000000    0.30000000000000    0.00000000000000            24
    0.10000000000000    0.10000000000000    0.10000000000000             8
    0.20000000000000    0.10000000000000    0.10000000000000            24
    0.30000000000000    0.10000000000000    0.10000000000000            24
    0.40000000000000    0.10000000000000    0.10000000000000            12
   -0.10000000000000    0.10000000000000    0.10000000000000             6
    0.20000000000000    0.20000000000000    0.10000000000000            24
    0.30000000000000    0.20000000000000    0.10000000000000            48
   -0.20000000000000    0.20000000000000    0.10000000000000            24
    0.30000000000000    0.30000000000000    0.10000000000000             8
   -0.30000000000000    0.30000000000000    0.10000000000000            24
   -0.20000000000000    0.30000000000000    0.10000000000000            24
   -0.40000000000000    0.40000000000000    0.10000000000000            24
   -0.30000000000000    0.40000000000000    0.10000000000000            48
    0.50000000000000    0.50000000000000    0.10000000000000            12
   -0.40000000000000    0.50000000000000    0.10000000000000            48
   -0.30000000000000    0.50000000000000    0.10000000000000            24
   -0.40000000000000   -0.40000000000000    0.10000000000000            24
    0.20000000000000    0.20000000000000    0.20000000000000             8
    0.30000000000000    0.20000000000000    0.20000000000000            12
   -0.20000000000000    0.20000000000000    0.20000000000000             6
   -0.30000000000000    0.30000000000000    0.20000000000000            24
   -0.40000000000000    0.40000000000000    0.20000000000000            24
   -0.30000000000000    0.40000000000000    0.20000000000000            24
    0.50000000000000    0.50000000000000    0.20000000000000            12
   -0.40000000000000    0.50000000000000    0.20000000000000            48
   -0.40000000000000   -0.40000000000000    0.20000000000000             8
   -0.30000000000000    0.30000000000000    0.30000000000000             6
   -0.40000000000000    0.40000000000000    0.30000000000000            24
    0.50000000000000    0.50000000000000    0.30000000000000            12
   -0.40000000000000    0.50000000000000    0.30000000000000            24
   -0.40000000000000    0.40000000000000    0.40000000000000             6
    0.50000000000000    0.50000000000000    0.40000000000000            12
    0.50000000000000    0.50000000000000    0.50000000000000             1
47  For W6N12 0.96            
    0.00000000000000    0.00000000000000    0.00000000000000             1
    0.10000000000000   -0.00000000000000   -0.00000000000000            12
    0.20000000000000    0.00000000000000   -0.00000000000000            12
    0.30000000000000    0.00000000000000   -0.00000000000000            12
    0.40000000000000    0.00000000000000   -0.00000000000000            12
    0.50000000000000    0.00000000000000   -0.00000000000000             6
    0.10000000000000    0.10000000000000    0.00000000000000            24
    0.20000000000000    0.10000000000000    0.00000000000000            48
    0.30000000000000    0.10000000000000   -0.00000000000000            48
    0.40000000000000    0.10000000000000   -0.00000000000000            48
    0.20000000000000    0.20000000000000    0.00000000000000            24
    0.30000000000000    0.20000000000000   -0.00000000000000            48
    0.40000000000000    0.20000000000000    0.00000000000000            24
    0.30000000000000    0.30000000000000    0.00000000000000            24
    0.10000000000000    0.10000000000000    0.10000000000000             8
    0.20000000000000    0.10000000000000    0.10000000000000            24
    0.30000000000000    0.10000000000000    0.10000000000000            24
    0.40000000000000    0.10000000000000    0.10000000000000            12
   -0.10000000000000    0.10000000000000    0.10000000000000             6
    0.20000000000000    0.20000000000000    0.10000000000000            24
    0.30000000000000    0.20000000000000    0.10000000000000            48
   -0.20000000000000    0.20000000000000    0.10000000000000            24
    0.30000000000000    0.30000000000000    0.10000000000000             8
   -0.30000000000000    0.30000000000000    0.10000000000000            24
   -0.20000000000000    0.30000000000000    0.10000000000000            24
   -0.40000000000000    0.40000000000000    0.10000000000000            24
   -0.30000000000000    0.40000000000000    0.10000000000000            48
    0.50000000000000    0.50000000000000    0.10000000000000            12
   -0.40000000000000    0.50000000000000    0.10000000000000            48
   -0.30000000000000    0.50000000000000    0.10000000000000            24
   -0.40000000000000   -0.40000000000000    0.10000000000000            24
    0.20000000000000    0.20000000000000    0.20000000000000             8
    0.30000000000000    0.20000000000000    0.20000000000000            12
   -0.20000000000000    0.20000000000000    0.20000000000000             6
   -0.30000000000000    0.30000000000000    0.20000000000000            24
   -0.40000000000000    0.40000000000000    0.20000000000000            24
   -0.30000000000000    0.40000000000000    0.20000000000000            24
    0.50000000000000    0.50000000000000    0.20000000000000            12
   -0.40000000000000    0.50000000000000    0.20000000000000            48
   -0.40000000000000   -0.40000000000000    0.20000000000000             8
   -0.30000000000000    0.30000000000000    0.30000000000000             6
   -0.40000000000000    0.40000000000000    0.30000000000000            24
    0.50000000000000    0.50000000000000    0.30000000000000            12
   -0.40000000000000    0.50000000000000    0.30000000000000            24
   -0.40000000000000    0.40000000000000    0.40000000000000             6
    0.50000000000000    0.50000000000000    0.40000000000000            12
    0.50000000000000    0.50000000000000    0.50000000000000             1
47  For W6N12 1.04            
    0.00000000000000    0.00000000000000    0.00000000000000             1
    0.10000000000000   -0.00000000000000   -0.00000000000000            12
    0.20000000000000    0.00000000000000   -0.00000000000000            12
    0.30000000000000    0.00000000000000   -0.00000000000000            12
    0.40000000000000    0.00000000000000   -0.00000000000000            12
    0.50000000000000    0.00000000000000   -0.00000000000000             6
    0.10000000000000    0.10000000000000    0.00000000000000            24
    0.20000000000000    0.10000000000000    0.00000000000000            48
    0.30000000000000    0.10000000000000   -0.00000000000000            48
    0.40000000000000    0.10000000000000   -0.00000000000000            48
    0.20000000000000    0.20000000000000    0.00000000000000            24
    0.30000000000000    0.20000000000000   -0.00000000000000            48
    0.40000000000000    0.20000000000000    0.00000000000000            24
    0.30000000000000    0.30000000000000    0.00000000000000            24
    0.10000000000000    0.10000000000000    0.10000000000000             8
    0.20000000000000    0.10000000000000    0.10000000000000            24
    0.30000000000000    0.10000000000000    0.10000000000000            24
    0.40000000000000    0.10000000000000    0.10000000000000            12
   -0.10000000000000    0.10000000000000    0.10000000000000             6
    0.20000000000000    0.20000000000000    0.10000000000000            24
    0.30000000000000    0.20000000000000    0.10000000000000            48
   -0.20000000000000    0.20000000000000    0.10000000000000            24
    0.30000000000000    0.30000000000000    0.10000000000000             8
   -0.30000000000000    0.30000000000000    0.10000000000000            24
   -0.20000000000000    0.30000000000000    0.10000000000000            24
   -0.40000000000000    0.40000000000000    0.10000000000000            24
   -0.30000000000000    0.40000000000000    0.10000000000000            48
    0.50000000000000    0.50000000000000    0.10000000000000            12
   -0.40000000000000    0.50000000000000    0.10000000000000            48
   -0.30000000000000    0.50000000000000    0.10000000000000            24
   -0.40000000000000   -0.40000000000000    0.10000000000000            24
    0.20000000000000    0.20000000000000    0.20000000000000             8
    0.30000000000000    0.20000000000000    0.20000000000000            12
   -0.20000000000000    0.20000000000000    0.20000000000000             6
   -0.30000000000000    0.30000000000000    0.20000000000000            24
   -0.40000000000000    0.40000000000000    0.20000000000000            24
   -0.30000000000000    0.40000000000000    0.20000000000000            24
    0.50000000000000    0.50000000000000    0.20000000000000            12
   -0.40000000000000    0.50000000000000    0.20000000000000            48
   -0.40000000000000   -0.40000000000000    0.20000000000000             8
   -0.30000000000000    0.30000000000000    0.30000000000000             6
   -0.40000000000000    0.40000000000000    0.30000000000000            24
    0.50000000000000    0.50000000000000    0.30000000000000            12
   -0.40000000000000    0.50000000000000    0.30000000000000            24
   -0.40000000000000    0.40000000000000    0.40000000000000             6
    0.50000000000000    0.50000000000000    0.40000000000000            12
    0.50000000000000    0.50000000000000    0.50000000000000             1
32  For W12N18 1.00
  0.062500  0.062500  0.000000     48.000000
  0.187500  0.062500  0.000000     48.000000
 -0.062500 -0.187500  0.000000     48.000000
  0.312500  0.062500  0.000000     48.000000
 -0.062500 -0.312500  0.000000     48.000000
  0.437500  0.062500  0.000000     48.000000
 -0.062500 -0.437500  0.000000     48.000000
 -0.437500  0.062500  0.000000     48.000000
 -0.062500  0.437500  0.000000     48.000000
 -0.312500  0.062500  0.000000     48.000000
 -0.062500  0.312500  0.000000     48.000000
 -0.187500  0.062500  0.000000     48.000000
 -0.062500  0.187500  0.000000     48.000000
 -0.062500  0.062500  0.000000     48.000000
  0.187500  0.187500  0.000000     48.000000
  0.312500  0.187500  0.000000     48.000000
 -0.187500 -0.312500  0.000000     48.000000
  0.437500  0.187500  0.000000     48.000000
 -0.187500 -0.437500  0.000000     48.000000
 -0.437500  0.187500  0.000000     48.000000
 -0.187500  0.437500  0.000000     48.000000
 -0.312500  0.187500  0.000000     48.000000
 -0.187500  0.312500  0.000000     48.000000
 -0.187500  0.187500  0.000000     48.000000
  0.312500  0.312500  0.000000     48.000000
  0.437500  0.312500  0.000000     48.000000
 -0.312500 -0.437500  0.000000     48.000000
 -0.437500  0.312500  0.000000     48.000000
 -0.312500  0.437500  0.000000     48.000000
 -0.312500  0.312500  0.000000     48.000000
  0.437500  0.437500  0.000000     48.000000
 -0.437500  0.437500  0.000000     48.000000
32  For W12N18 0.96
  0.062500  0.062500  0.000000     48.000000
  0.187500  0.062500  0.000000     48.000000
 -0.062500 -0.187500  0.000000     48.000000
  0.312500  0.062500  0.000000     48.000000
 -0.062500 -0.312500  0.000000     48.000000
  0.437500  0.062500  0.000000     48.000000
 -0.062500 -0.437500  0.000000     48.000000
 -0.437500  0.062500  0.000000     48.000000
 -0.062500  0.437500  0.000000     48.000000
 -0.312500  0.062500  0.000000     48.000000
 -0.062500  0.312500  0.000000     48.000000
 -0.187500  0.062500  0.000000     48.000000
 -0.062500  0.187500  0.000000     48.000000
 -0.062500  0.062500  0.000000     48.000000
  0.187500  0.187500  0.000000     48.000000
  0.312500  0.187500  0.000000     48.000000
 -0.187500 -0.312500  0.000000     48.000000
  0.437500  0.187500  0.000000     48.000000
 -0.187500 -0.437500  0.000000     48.000000
 -0.437500  0.187500  0.000000     48.000000
 -0.187500  0.437500  0.000000     48.000000
 -0.312500  0.187500  0.000000     48.000000
 -0.187500  0.312500  0.000000     48.000000
 -0.187500  0.187500  0.000000     48.000000
  0.312500  0.312500  0.000000     48.000000
  0.437500  0.312500  0.000000     48.000000
 -0.312500 -0.437500  0.000000     48.000000
 -0.437500  0.312500  0.000000     48.000000
 -0.312500  0.437500  0.000000     48.000000
 -0.312500  0.312500  0.000000     48.000000
  0.437500  0.437500  0.000000     48.000000
 -0.437500  0.437500  0.000000     48.000000
32  For W12N18 1.04
  0.062500  0.062500  0.000000     48.000000
  0.187500  0.062500  0.000000     48.000000
 -0.062500 -0.187500  0.000000     48.000000
  0.312500  0.062500  0.000000     48.000000
 -0.062500 -0.312500  0.000000     48.000000
  0.437500  0.062500  0.000000     48.000000
 -0.062500 -0.437500  0.000000     48.000000
 -0.437500  0.062500  0.000000     48.000000
 -0.062500  0.437500  0.000000     48.000000
 -0.312500  0.062500  0.000000     48.000000
 -0.062500  0.312500  0.000000     48.000000
 -0.187500  0.062500  0.000000     48.000000
 -0.062500  0.187500  0.000000     48.000000
 -0.062500  0.062500  0.000000     48.000000
  0.187500  0.187500  0.000000     48.000000
  0.312500  0.187500  0.000000     48.000000
 -0.187500 -0.312500  0.000000     48.000000
  0.437500  0.187500  0.000000     48.000000
 -0.187500 -0.437500  0.000000     48.000000
 -0.437500  0.187500  0.000000     48.000000
 -0.187500  0.437500  0.000000     48.000000
 -0.312500  0.187500  0.000000     48.000000
 -0.187500  0.312500  0.000000     48.000000
 -0.187500  0.187500  0.000000     48.000000
  0.312500  0.312500  0.000000     48.000000
  0.437500  0.312500  0.000000     48.000000
 -0.312500 -0.437500  0.000000     48.000000
 -0.437500  0.312500  0.000000     48.000000
 -0.312500  0.437500  0.000000     48.000000
 -0.312500  0.312500  0.000000     48.000000
  0.437500  0.437500  0.000000     48.000000
 -0.437500  0.437500  0.000000     48.000000
20 For W4N6 1.00 128 
    0.06250000000000    0.06250000000000   -0.00000000000000             2
    0.18750000000000    0.06250000000000   -0.00000000000000             4
    0.31250000000000    0.06250000000000   -0.00000000000000             4
    0.43750000000000    0.06250000000000   -0.00000000000000             4
   -0.43750000000000    0.06250000000000   -0.00000000000000             4
   -0.31250000000000    0.06250000000000    0.00000000000000             4
   -0.18750000000000    0.06250000000000   -0.00000000000000             4
   -0.06250000000000    0.06250000000000    0.00000000000000             2
    0.18750000000000    0.18750000000000   -0.00000000000000             2
    0.31250000000000    0.18750000000000   -0.00000000000000             4
    0.43750000000000    0.18750000000000    0.00000000000000             4
   -0.43750000000000    0.18750000000000    0.00000000000000             4
   -0.31250000000000    0.18750000000000    0.00000000000000             4
   -0.18750000000000    0.18750000000000    0.00000000000000             2
    0.31250000000000    0.31250000000000   -0.00000000000000             2
    0.43750000000000    0.31250000000000   -0.00000000000000             4
   -0.43750000000000    0.31250000000000   -0.00000000000000             4
   -0.31250000000000    0.31250000000000    0.00000000000000             2
    0.43750000000000    0.43750000000000    0.00000000000000             2
   -0.43750000000000    0.43750000000000    0.00000000000000             2
20 For W4N6 0.96 128 
    0.06250000000000    0.06250000000000   -0.00000000000000             2
    0.18750000000000    0.06250000000000   -0.00000000000000             4
    0.31250000000000    0.06250000000000   -0.00000000000000             4
    0.43750000000000    0.06250000000000   -0.00000000000000             4
   -0.43750000000000    0.06250000000000   -0.00000000000000             4
   -0.31250000000000    0.06250000000000    0.00000000000000             4
   -0.18750000000000    0.06250000000000   -0.00000000000000             4
   -0.06250000000000    0.06250000000000    0.00000000000000             2
    0.18750000000000    0.18750000000000   -0.00000000000000             2
    0.31250000000000    0.18750000000000   -0.00000000000000             4
    0.43750000000000    0.18750000000000    0.00000000000000             4
   -0.43750000000000    0.18750000000000    0.00000000000000             4
   -0.31250000000000    0.18750000000000    0.00000000000000             4
   -0.18750000000000    0.18750000000000    0.00000000000000             2
    0.31250000000000    0.31250000000000   -0.00000000000000             2
    0.43750000000000    0.31250000000000   -0.00000000000000             4
   -0.43750000000000    0.31250000000000   -0.00000000000000             4
   -0.31250000000000    0.31250000000000    0.00000000000000             2
    0.43750000000000    0.43750000000000    0.00000000000000             2
   -0.43750000000000    0.43750000000000    0.00000000000000             2
20 For W4N6 1.04 128 
    0.06250000000000    0.06250000000000   -0.00000000000000             2
    0.18750000000000    0.06250000000000   -0.00000000000000             4
    0.31250000000000    0.06250000000000   -0.00000000000000             4
    0.43750000000000    0.06250000000000   -0.00000000000000             4
   -0.43750000000000    0.06250000000000   -0.00000000000000             4
   -0.31250000000000    0.06250000000000    0.00000000000000             4
   -0.18750000000000    0.06250000000000   -0.00000000000000             4
   -0.06250000000000    0.06250000000000    0.00000000000000             2
    0.18750000000000    0.18750000000000   -0.00000000000000             2
    0.31250000000000    0.18750000000000   -0.00000000000000             4
    0.43750000000000    0.18750000000000    0.00000000000000             4
   -0.43750000000000    0.18750000000000    0.00000000000000             4
   -0.31250000000000    0.18750000000000    0.00000000000000             4
   -0.18750000000000    0.18750000000000    0.00000000000000             2
    0.31250000000000    0.31250000000000   -0.00000000000000             2
    0.43750000000000    0.31250000000000   -0.00000000000000             4
   -0.43750000000000    0.31250000000000   -0.00000000000000             4
   -0.31250000000000    0.31250000000000    0.00000000000000             2
    0.43750000000000    0.43750000000000    0.00000000000000             2
   -0.43750000000000    0.43750000000000    0.00000000000000             2
10 For W4N2_1    
    0.00000000000000    0.00000000000000    0.00000000000000             1
    0.07692307692308   -0.00000000000000    0.00000000000000             2
    0.15384615384615    0.00000000000000    0.00000000000000             2
    0.23076923076923    0.00000000000000    0.00000000000000             2
    0.30769230769231    0.00000000000000    0.00000000000000             2
    0.38461538461538    0.00000000000000    0.00000000000000             2
    0.46153846153846    0.00000000000000    0.00000000000000             2
   -0.00000000000000    0.07692307692308    0.00000000000000             2
    0.07692307692308    0.07692307692308    0.00000000000000             2
    0.15384615384615    0.07692307692308    0.00000000000000             2
10 For W4N2_2    
    0.00000000000000    0.00000000000000    0.00000000000000             1
    0.07692307692308   -0.00000000000000    0.00000000000000             2
    0.15384615384615   -0.00000000000000    0.00000000000000             2
    0.23076923076923   -0.00000000000000    0.00000000000000             2
    0.30769230769231   -0.00000000000000    0.00000000000000             2
    0.38461538461538   -0.00000000000000    0.00000000000000             2
    0.46153846153846   -0.00000000000000    0.00000000000000             2
    0.00000000000000    0.07692307692308    0.00000000000000             2
    0.07692307692308    0.07692307692308    0.00000000000000             2
    0.15384615384615    0.07692307692308   -0.00000000000000             2
2  For W12N18_V_N1
  0.06  0.06  0.00          1
  0.44  0.00  0.00          1
2  For W12N18_V_N2
  0.06  0.06  0.00
  0.44  0.00  0.00
2  For W12N18_V_W1
  0.06  0.06  0.00
  0.44  0.00  0.00
2  For W12N18_V_W2
  0.06  0.06  0.00
  0.44  0.00  0.00


    0.06250000000000    0.06250000000000    0.14285714285714             2
    0.18750000000000    0.06250000000000    0.14285714285714             4
    0.31250000000000    0.06250000000000    0.14285714285714             4
    0.43750000000000    0.06250000000000    0.14285714285714             4
   -0.43750000000000    0.06250000000000    0.14285714285714             4
   -0.31250000000000    0.06250000000000    0.14285714285714             4
   -0.18750000000000    0.06250000000000    0.14285714285714             4
   -0.06250000000000    0.06250000000000    0.14285714285714             4
    0.18750000000000    0.18750000000000    0.14285714285714             2
    0.31250000000000    0.18750000000000    0.14285714285714             4
    0.43750000000000    0.18750000000000    0.14285714285714             4
   -0.43750000000000    0.18750000000000    0.14285714285714             4
   -0.31250000000000    0.18750000000000    0.14285714285714             4
   -0.18750000000000    0.18750000000000    0.14285714285714             4
   -0.06250000000000    0.18750000000000    0.14285714285714             4
    0.31250000000000    0.31250000000000    0.14285714285714             2
    0.43750000000000    0.31250000000000    0.14285714285714             4
   -0.43750000000000    0.31250000000000    0.14285714285714             4
   -0.31250000000000    0.31250000000000    0.14285714285714             4
   -0.18750000000000    0.31250000000000    0.14285714285714             4
   -0.06250000000000    0.31250000000000    0.14285714285714             4
    0.43750000000000    0.43750000000000    0.14285714285714             2
   -0.43750000000000    0.43750000000000    0.14285714285714             4
   -0.31250000000000    0.43750000000000    0.14285714285714             4
   -0.18750000000000    0.43750000000000    0.14285714285714             4
   -0.06250000000000    0.43750000000000    0.14285714285714             4
   -0.43750000000000   -0.43750000000000    0.14285714285714             2
   -0.31250000000000   -0.43750000000000    0.14285714285714             4
   -0.18750000000000   -0.43750000000000    0.14285714285714             4
   -0.06250000000000   -0.43750000000000    0.14285714285714             4
   -0.31250000000000   -0.31250000000000    0.14285714285714             2
   -0.18750000000000   -0.31250000000000    0.14285714285714             4
   -0.06250000000000   -0.31250000000000    0.14285714285714             4
   -0.18750000000000   -0.18750000000000    0.14285714285714             2
   -0.06250000000000   -0.18750000000000    0.14285714285714             4
   -0.06250000000000   -0.06250000000000    0.14285714285714             2
    0.06250000000000    0.06250000000000    0.28571428571429             2
    0.18750000000000    0.06250000000000    0.28571428571429             4
    0.31250000000000    0.06250000000000    0.28571428571429             4
    0.43750000000000    0.06250000000000    0.28571428571429             4
   -0.43750000000000    0.06250000000000    0.28571428571429             4
   -0.31250000000000    0.06250000000000    0.28571428571429             4
   -0.18750000000000    0.06250000000000    0.28571428571429             4
   -0.06250000000000    0.06250000000000    0.28571428571429             4
    0.18750000000000    0.18750000000000    0.28571428571429             2
    0.31250000000000    0.18750000000000    0.28571428571429             4
    0.43750000000000    0.18750000000000    0.28571428571429             4
   -0.43750000000000    0.18750000000000    0.28571428571429             4
   -0.31250000000000    0.18750000000000    0.28571428571429             4
   -0.18750000000000    0.18750000000000    0.28571428571429             4
   -0.06250000000000    0.18750000000000    0.28571428571429             4
    0.31250000000000    0.31250000000000    0.28571428571429             2
    0.43750000000000    0.31250000000000    0.28571428571429             4
   -0.43750000000000    0.31250000000000    0.28571428571429             4
   -0.31250000000000    0.31250000000000    0.28571428571429             4
   -0.18750000000000    0.31250000000000    0.28571428571429             4
   -0.06250000000000    0.31250000000000    0.28571428571429             4
    0.43750000000000    0.43750000000000    0.28571428571429             2
   -0.43750000000000    0.43750000000000    0.28571428571429             4
   -0.31250000000000    0.43750000000000    0.28571428571429             4
   -0.18750000000000    0.43750000000000    0.28571428571429             4
   -0.06250000000000    0.43750000000000    0.28571428571429             4
   -0.43750000000000   -0.43750000000000    0.28571428571429             2
   -0.31250000000000   -0.43750000000000    0.28571428571429             4
   -0.18750000000000   -0.43750000000000    0.28571428571429             4
   -0.06250000000000   -0.43750000000000    0.28571428571429             4
   -0.31250000000000   -0.31250000000000    0.28571428571429             2
   -0.18750000000000   -0.31250000000000    0.28571428571429             4
   -0.06250000000000   -0.31250000000000    0.28571428571429             4
   -0.18750000000000   -0.18750000000000    0.28571428571429             2
   -0.06250000000000   -0.18750000000000    0.28571428571429             4
   -0.06250000000000   -0.06250000000000    0.28571428571429             2
    0.06250000000000    0.06250000000000    0.42857142857143             2
    0.18750000000000    0.06250000000000    0.42857142857143             4
    0.31250000000000    0.06250000000000    0.42857142857143             4
    0.43750000000000    0.06250000000000    0.42857142857143             4
   -0.43750000000000    0.06250000000000    0.42857142857143             4
   -0.31250000000000    0.06250000000000    0.42857142857143             4
   -0.18750000000000    0.06250000000000    0.42857142857143             4
   -0.06250000000000    0.06250000000000    0.42857142857143             4
    0.18750000000000    0.18750000000000    0.42857142857143             2
    0.31250000000000    0.18750000000000    0.42857142857143             4
    0.43750000000000    0.18750000000000    0.42857142857143             4
   -0.43750000000000    0.18750000000000    0.42857142857143             4
   -0.31250000000000    0.18750000000000    0.42857142857143             4
   -0.18750000000000    0.18750000000000    0.42857142857143             4
   -0.06250000000000    0.18750000000000    0.42857142857143             4
    0.31250000000000    0.31250000000000    0.42857142857143             2
    0.43750000000000    0.31250000000000    0.42857142857143             4
   -0.43750000000000    0.31250000000000    0.42857142857143             4
   -0.31250000000000    0.31250000000000    0.42857142857143             4
   -0.18750000000000    0.31250000000000    0.42857142857143             4
   -0.06250000000000    0.31250000000000    0.42857142857143             4
    0.43750000000000    0.43750000000000    0.42857142857143             2
   -0.43750000000000    0.43750000000000    0.42857142857143             4
   -0.31250000000000    0.43750000000000    0.42857142857143             4
   -0.18750000000000    0.43750000000000    0.42857142857143             4
   -0.06250000000000    0.43750000000000    0.42857142857143             4
   -0.43750000000000   -0.43750000000000    0.42857142857143             2
   -0.31250000000000   -0.43750000000000    0.42857142857143             4
   -0.18750000000000   -0.43750000000000    0.42857142857143             4
   -0.06250000000000   -0.43750000000000    0.42857142857143             4
   -0.31250000000000   -0.31250000000000    0.42857142857143             2
   -0.18750000000000   -0.31250000000000    0.42857142857143             4
   -0.06250000000000   -0.31250000000000    0.42857142857143             4
   -0.18750000000000   -0.18750000000000    0.42857142857143             2
   -0.06250000000000   -0.18750000000000    0.42857142857143             4
   -0.06250000000000   -0.06250000000000    0.42857142857143             2

10 For W4N2_1    
  0.00  0.00  0.00 1
  0.08  0.00  0.00 1
  0.15  0.00  0.00 1
  0.23  0.00  0.00 1
  0.31  0.00  0.00 1
  0.38  0.00  0.00 1
  0.46  0.00  0.00 1
  0.00  0.08  0.00 1
  0.08  0.08  0.00 1
  0.15  0.08  0.00 1
10 For W4N2_2    
  0.00  0.00  0.00
  0.08  0.00  0.00
  0.15  0.00  0.00
  0.23  0.00  0.00
  0.31  0.00  0.00
  0.38  0.00  0.00
  0.46  0.00  0.00
  0.00  0.08  0.00
  0.08  0.08  0.00
  0.15  0.08  0.00
Automatically generated mesh
